0,451
0,450
0,575
0,574
0,572
0,570
313,2
0,569
0,568
0,566
310,2
308,2
0,472
312,2
309,2
0,565
0,564
0,562
298,2
298,5
298,4
0,273
0,270
3,2
3,1
3,3
10,95
10,157
10,79
10,189
10,115
10,113
10,263
10,77
9,5
8,9
8,17
8,18
8,4
8,2
8,3
313,3
313,1
312,3
312,1
311,3
311,1
310,3
310,1
309,3
309,1
308,3
308,1
307,3
307,1
306,3
306,1
302,5
302,4
302,3
302,1
299,3
299,1
298,3
298,1
20,3
20,2
20,1
19,3
19,2
19,1
12,3
12,2
12,1
11,30
11,29
11,28
11,27
11,26
11,25
11,24
11,23
11,22
11,21
11,20
11,19
11,18
11,17
11,16
11,15
11,14
11,13
11,12
11,11
18,1
11,10
18,3
11,9
11,8
11,7
14,1
11,6
14,3
11,4
11,3
13,1
11,2
13,3
11,1
10,314
10,313
10,294
10,286
10,192
10,191
10,129
10,107
10,102
10,96
10,16
